0.938
2.813
4.688
6.563
8.438
10.313
12.188
14.063
15.938
17.813
19.688
21.563
23.438
25.313
27.188
29.063
30.938
32.813
34.688
36.563
38.438
40.313
42.188
44.063
45.938
47.813
49.688
51.563
53.438
55.313
57.188
59.063
60.938
62.813
64.688
66.563
68.438
70.313
72.188
74.063
75.938
77.813
79.688
81.563
83.438
85.313
87.188
89.063
90.938
92.813
94.688
96.563
98.438
100.313
102.188
104.063
105.938
107.813
109.688
111.563
113.438
115.313
117.188
119.063
120.938
122.813
124.688
126.563
128.438
130.313
132.188
134.063
135.938
137.813
139.688
141.563
143.438
145.313
147.188
149.063