0.013
0.039
0.065
0.092
0.118
0.144
0.170
0.196
0.223
0.249
0.275
0.301
0.327
0.353
0.380
0.406
0.432
0.458
0.484
0.511
0.537
0.563
0.589
0.615
0.641
0.668
0.694
0.720
0.746
0.772
0.798
0.825
0.851
0.877
0.903
0.929
0.956
0.982
1.008
1.034
1.060
1.086
1.113
1.139
1.165
1.191
1.217
1.244
1.270
1.296
1.322
1.348
1.374
1.401
1.427
1.453
1.479
1.505
1.532
1.558
1.584
1.610
1.636
1.662
1.689
1.715
1.741
1.767
1.793
1.820
1.846
1.872
1.898
1.924
1.950
1.977
2.003
2.029
2.055
2.081
2.107
2.134
2.160
2.186
2.212
2.238
2.265
2.291
2.317
2.343
2.369
2.395
2.422
2.448
2.474
2.500
2.526
2.553
2.579
2.605
2.631
2.657
2.683
2.710
2.736
2.762
2.788
2.814
2.841
2.867
2.893
2.919
2.945
2.971
2.998
3.024
3.050
3.076
3.102
3.129
3.155
3.181
3.207
3.233
3.259
3.286
3.312
3.338
3.364
3.390
3.416
3.443
3.469
3.495
3.521
3.547
3.574
3.600
3.626
3.652
3.678
3.704
3.731
3.757
3.783
3.809
3.835
3.862
3.888
3.914
3.940
3.966
3.992
4.019
4.045
4.071
4.097
4.123
4.150
4.176
4.202
4.228
4.254
4.280
4.307
4.333
4.359
4.385
4.411
4.437
4.464
4.490
4.516
4.542
4.568
4.595
4.621
4.647
4.673
4.699
4.725
4.752
4.778
4.804
4.830
4.856
4.883
4.909
4.935
4.961
4.987
5.013
5.040
5.066
5.092
5.118
5.144
5.171
5.197
5.223
5.249
5.275
5.301
5.328
5.354
5.380
5.406
5.432
5.459
5.485
5.511
5.537
5.563
5.589
5.616
5.642
5.668
5.694
5.720
5.746
5.773
5.799
5.825
5.851
5.877
5.904
5.930
5.956
5.982
6.008
6.034
6.061
6.087
6.113
6.139
6.165
6.192
6.218
6.244
6.270
6.296