-4.969
-4.906
-4.844
-4.781
-4.719
-4.656
-4.594
-4.531
-4.469
-4.406
-4.344
-4.281
-4.219
-4.156
-4.094
-4.031
-3.969
-3.906
-3.844
-3.781
-3.719
-3.656
-3.594
-3.531
-3.469
-3.406
-3.344
-3.281
-3.219
-3.156
-3.094
-3.031
-2.969
-2.906
-2.844
-2.781
-2.719
-2.656
-2.594
-2.531
-2.469
-2.406
-2.344
-2.281
-2.219
-2.156
-2.094
-2.031
-1.969
-1.906
-1.844
-1.781
-1.719
-1.656
-1.594
-1.531
-1.469
-1.406
-1.344
-1.281
-1.219
-1.156
-1.094
-1.031
-0.969
-0.906
-0.844
-0.781
-0.719
-0.656
-0.594
-0.531
-0.469
-0.406
-0.344
-0.281
-0.219
-0.156
-0.094
-0.031
0.031
0.094
0.156
0.219
0.281
0.344
0.406
0.469
0.531
0.594
0.656
0.719
0.781
0.844
0.906
0.969
1.031
1.094
1.156
1.219
1.281
1.344
1.406
1.469
1.531
1.594
1.656
1.719
1.781
1.844
1.906
1.969
2.031
2.094
2.156
2.219
2.281
2.344
2.406
2.469
2.531
2.594
2.656
2.719
2.781
2.844
2.906
2.969
3.031
3.094
3.156
3.219
3.281
3.344
3.406
3.469
3.531
3.594
3.656
3.719
3.781
3.844
3.906
3.969
4.031
4.094
4.156
4.219
4.281
4.344
4.406
4.469
4.531
4.594
4.656
4.719
4.781
4.844
4.906
4.969